0.5401325591423352 0.3927998040998411
0.5355401451605379 1.008275940547526
0.5888626529947061 1.159858644257922
0.8778347311377087 0.7726394104699856
0.8095505257472054 0.3175822407833129
1.2410316782756583 0.5728946628140759
0.9131530366210113 0.5277972285840791
1.104770384160852 0.9688523117881701
1.0245105654785103 1.0498040732620657
1.0069770824446747 0.5145033773567768
1.201690163268837 0.4032359740139657
0.32217578195319174 0.8487306735769611
0.3389628759952681 0.4560840519534936
0.51413524819486 0.35548893194114856
0.9808212293415564 0.8305959499896832
1.1541587891185143 0.9082652176037571
1.1681567335322784 0.6741691682263253
1.3417086230406658 1.0459023804079592
1.0354934024858151 0.7642374455907324
1.0089439625655525 1.0299307687896722
1.0005730570735771 0.6299230842174028
0.726281033354808 0.5412148868318923
0.6627617138171112 0.925431182508582
0.730605070163568 0.6960111247821215
0.956451320943059 0.36349731444542865
1.2190210314590717 0.3274552296688149
1.0227099302889084 0.9292474666857158
1.0722882814752492 0.6144317843384742
0.5532330431728472 1.1540629307172932
0.418611410216603 1.2136322347365531
1.0895404473493562 0.6496748173335264
1.1322651938282178 0.3535818665756913
0.36980762447688736 0.9944803419875416
0.7531912734464403 0.5516706507461825
0.8142250692951073 0.6728384983549074
0.8262365825547384 0.39213369544611887
0.32012757860090335 0.6295381299706388
1.206644368825284 0.745030858264943
0.9732092234467303 0.44918082977331986
1.1560911859028475 0.8762935206560136
0.8476397587122483 0.955251250457041
1.1655057223169387 0.9598357626713929
0.4871628908442995 1.2036963641572003
0.4322741471851105 0.35395669723335876
0.6382108770893552 1.1315344262774172
0.72354131612881 0.5258882135101366