0.9296160928171479 0.531449884359634
0.3163755545817859 0.1677422287864857
0.18391881167709445 0.7688139184058103
0.2045602785530397 0.9281705491153227
0.5677250290816866 0.6094936579935035
0.5955447029792516 0.1501834946688817
0.9645145197356216 0.4896267036939954
0.6531770968715709 0.37734495383322564
0.7489066375339118 0.8486014119777788
0.6535698708517353 0.9110972286316726
0.7477148092712739 0.3838487211572885
0.9613067360728214 0.3154959033961239
0.00838829794155349 0.568394152795424
0.10644437669771933 0.18781803502439975
0.29870371376938154 0.12584154382737023
0.65641118308227 0.6875958050444919
0.8098125525409348 0.7996067179474019
0.872175913724283 0.5735365651986432
0.9646475973719302 0.9732299815994849
0.7236853469199535 0.6340543771374786
0.6424753278958413 0.8884217248114268
0.7174536208124137 0.4954147587574643
0.4675990072192965 0.3516165298902122
0.3255846775393778 0.7142303685445206
0.43964460588480947 0.5039291164479155
0.7296890827468514 0.22563760652063947
0.9940145858999619 0.2449744402418641
0.67687371177377 0.7928007000495906
0.7908225178477886 0.49517241451136906
0.1709142577924344 0.9150936733997764
0.026849275789935567 0.9453718338750178
0.8003702439254607 0.5332322296552158
0.9037225382170001 0.2524925945574267
0.024676210429265266 0.7208620581748479
0.49174731844588593 0.3674387637945773
0.5262551673498579 0.49864844291105326
0.5963660104193805 0.22657504746245583
0.05195754510253359 0.35356564674604696
0.8950895280539212 0.6508517866232056
0.7282661803271173 0.312932895305152
0.8183500113899145 0.7687354471693397
0.5002227528344483 0.7818371033712542
0.8101894088032547 0.852409482940725
0.0959685257445666 0.9499057401519873
0.21895004373209348 0.10732291220104417
0.25871906160311253 0.9107253559654027
0.4681057539529352 0.3360551619124862
0.4593732026034809 0.8263804268146445
0.709509780209179 0.8981006351198468
0.17805300588353812 0.04271530433633308